
########## MAJOR COMPLICATION REGRESSION COEFFICENTS
majorComp_sexFactor           <-  -0.0653436
majorComp_raceFactor          <-   0.0474753
majorComp_ageFactor           <-   0.0063017
#4 types of surgeries
majorComp_GastRxnFactor       <-   2.082806
majorComp_ColonRxnFactor      <-   1.782225
majorComp_PancFactor    <-   2.600119
majorComp_GallFactor          <-   0.000000
majorComp_CancerGIFactor      <-   0.0502679 #Cancer Y/N?
majorComp_FunctionalFactor    <-  -0.6151226
majorComp_asaclassFactor      <-   0.4520474  
majorComp_steroidFactor       <-   0.4633092
majorComp_ascitesFactor       <-   0.7477772
majorComp_SepticFactor        <-   0.8332981
majorComp_ventilarFactor      <-   1.049847
discancr <- 0.509568
majorComp_DMallFactor         <-   0.102625
majorComp_hypermedFactor      <-   0.0456271   
majorComp_hxchfFactor         <-   0.3956417
majorComp_SOBFactor           <-   0.2111835   
majorComp_smokerFactor        <-   0.1357178   
majorComp_hxcopdFactor        <-   0.2391823   
majorComp_dialysisFactor      <-   0.2449626     
majorComp_renafailFactor      <-   0.4374031 
majorComp_BMIFactor           <-   0.0078337
majorComp_consFactor          <-  -4.424855


########## DEATH REGRESSION COEFFICENTS
death_sexFactor           <-  -0.3212026
death_raceFactor          <-  -0.0163649
death_ageFactor           <-   0.0501916
death_GastRxnFactor       <-   1.385467
death_ColonRxnFactor      <-   0.7759915
death_PancFactor          <-   1.450207
death_GallFactor          <-   0.000000
death_CancerGIFactor      <-   0.1701402
death_FunctionalFactor    <-  -1.050477
death_asaclassFactor      <-   0.7729463   
death_steroidFactor       <-   0.3690016    
death_ascitesFactor       <-   1.34307
death_SepticFactor        <-   1.085556 
death_ventilarFactor      <-   0.7441897
discancr <- 0.9973936
death_DMallFactor         <-   0.0872066   
death_hypermedFactor      <-   0.1677402 
death_hxchfFactor         <-   0.5012253
death_SOBFactor           <-   0.4156159
death_smokerFactor        <-   0.1785988
death_hxcopdFactor        <-   0.3292885
death_dialysisFactor      <-   0.9601621  
death_renafailFactor      <-   0.538141 
death_BMIFactor           <-  -0.0086523
death_consFactor          <-  -9.716277

